 -0.999522 -0.0208168  0.0228646          0
 0.0210501  -0.999728   0.010013          0
 0.0226499  0.0104895   0.999688          0
         0          0          0          1